GAGANYAAN-1 (SIM)
1 99001U 24001A   24150.50000000  .00005000  00000-0  10000-4 0  9991
2 99001  51.6000 120.5000 0005000  60.0000 300.0000 15.65000000100001
ISS (ZARYA)
1 25544U 98067A   24150.50000000  .00016717  00000-0  30000-3 0  9993
2 25544  51.6400 208.9160 0004800  69.9860  25.0000 15.49815000450008
CARTOSAT-2F
1 43111U 18004A   24150.50000000  .00001000  00000-0  50000-4 0  9991
2 43111  97.4500 120.3200 0001500  80.1200 280.0000 15.10000000350001
OCEANSAT-3 (EOS-06)
1 54361U 22158A   24150.50000000  .00000800  00000-0  40000-4 0  9992
2 54361  98.1200  95.4500 0001200  45.3000 315.1000 14.85000000120002
RISAT-2B
1 44258U 19028A   24150.50000000  .00001200  00000-0  60000-4 0  9993
2 44258  37.0000 180.2000 0008000 120.0000 240.0000 15.20000000280003
EOS-04 (RADARSAT)
1 51656U 22013A   24150.50000000  .00000900  00000-0  45000-4 0  9994
2 51656  97.5000 110.1500 0001400  75.4000 285.0000 15.05000000120004
INSAT-3DR
1 41752U 16054A   24150.50000000  .00000050  00000-0  00000-0 0  9995
2 41752   0.0500  74.0000 0002000 310.0000  50.0000  1.00270000030005
GSAT-24
1 52899U 22067A   24150.50000000  .00000040  00000-0  00000-0 0  9996
2 52899   0.0400  83.0000 0001800 290.0000  70.0000  1.00270000020006
